{"model_names":{"CytoConsortiumArray_15039947_A.bpm":"CytoConsortiumArray_models","CytoSNP-850Kv1-1_iScan_B1.bpm":"CytoSNP-850Kv1-1_iScan_B1_models","CytoSNP-850Kv1-2_iScan_B3.bpm":"CytoSNP-850Kv1-1_iScan_B1_models","GSA-24v2-0_A1.bpm":"GSA_models","GSA-24v3-0_A1.bpm":"GSA_models","HumanKaryomap-12v1_A.bpm":"Karyomap_12_models","Multi-EthnicGlobal_D1.bpm":"MGA_models"},"CytoConsortiumArray_models":{"lrr_model": {"Model components": 5, "Covariance type": "diag", "Labels": {"0": "2x", "1": "0x", "2": "1x", "3": "3x", "4": "4x"}, "means": [[0.0156122081412], [-0.9050914863869158], [-0.36927100515124556], [0.20653290448710834], [0.33304433344333334]], "startprob": [0.2, 0.2, 0.2, 0.2, 0.2], "covars": [[[0.030654696604391962]], [[0.073036403]], [[0.03462637146511259]], [[0.05426126]], [[0.08549631]]], "transmat": [[0.9996, 0.0001, 0.0001, 0.0001, 0.0001], [0.0001, 0.9996, 0.0001, 0.0001, 0.0001], [0.0001, 0.0001, 0.9996, 0.0001, 0.0001], [0.0001, 0.0001, 0.0001, 0.9996, 0.0001], [0.0001, 0.0001, 0.0001, 0.0001, 0.9996]]},"baf_model": {"Model components": 3, "Covariance type": "diag", "Labels": {"0": "3x", "1": "1x", "2": "2x"}, "means": [[0.6330069387871848], [0.9930194831181387], [0.5267562605046758]], "startprob": [0.33, 0.33, 0.34], "covars": [[[0.00028726971805775217]], [[0.00014132785499400386]], [[0.0004467691690022241]]], "transmat": [[0.9998, 0.0001, 0.0001], [0.0001, 0.9998, 0.0001], [0.0001, 0.0001, 0.9998]]}},"CytoSNP-850Kv1-1_iScan_B1_models":{"lrr_model": {"Model components": 5, "Covariance type": "diag", "Labels": {"0": "3x", "1": "1x", "2": "2x", "3": "4x", "4": "0x"}, "means": [[0.195587856455185], [-0.39892307113991665], [-0.0066539902236461565], [0.41396399999668193], [-0.8295537475427093]], "startprob": [0.2, 0.2, 0.2, 0.2, 0.2], "covars": [[[0.02522689150727208]], [[0.04105422010242901]], [[0.01650417931055939]], [[0.026122822732975625]], [[0.06750215837025585]]], "transmat": [[0.9996, 0.0001, 0.0001, 0.0001, 0.0001], [0.0001, 0.9996, 0.0001, 0.0001, 0.0001], [0.0001, 0.0001, 0.9996, 0.0001, 0.0001], [0.0001, 0.0001, 0.0001, 0.9996, 0.0001], [0.0001, 0.0001, 0.0001, 0.0001, 0.9996]]}, "baf_model": {"Model components": 3, "Covariance type": "diag", "Labels": {"0": "3x", "1": "2x", "2": "1x"}, "means": [[0.6496049105888542], [0.5229800468456268], [0.9922558759736755]], "startprob": [0.33, 0.33, 0.34], "covars": [[[0.0004099977251367592]], [[0.0006491358673552698]], [[0.00013866278024896538]]], "transmat": [[0.9998, 0.0001, 0.0001], [0.0001, 0.9998, 0.0001], [0.0001, 0.0001, 0.9998]]}},"GSA_models":{"lrr_model": {"Model components": 5, "Covariance type": "diag", "Labels": {"0": "2x", "1": "0x", "2": "1x", "3": "3x", "4": "4x"}, "means": [[-0.01163634325235037], [-2.4169651377416663], [-0.437537144821711], [0.19377505277461113], [0.3237216590655555]], "startprob": [0.2, 0.2, 0.2, 0.2, 0.2], "covars": [[[0.022610444247089412]], [[0.43444773118653957]], [[0.0323689618672995]], [[0.016255398722001504]], [[0.022926585389041184]]], "transmat": [[0.9996, 0.0001, 0.0001, 0.0001, 0.0001], [0.0001, 0.9996, 0.0001, 0.0001, 0.0001], [0.0001, 0.0001, 0.9996, 0.0001, 0.0001], [0.0001, 0.0001, 0.0001, 0.9996, 0.0001], [0.0001, 0.0001, 0.0001, 0.0001, 0.9996]]},"baf_model": {"Model components": 3, "Covariance type": "diag", "Labels": {"0": "1x", "1": "2x", "2": "3x"}, "means": [[0.9839542026630754], [0.5584954711853389], [0.6403968292952582]], "startprob": [0.33, 0.33, 0.34], "covars": [[[0.0005799303957136151]], [[0.0027852689413232516]], [[0.0025862632758573262]]], "transmat": [[0.9998, 0.0001, 0.0001], [0.0001, 0.9998, 0.0001], [0.0001, 0.0001, 0.9998]]}},"Karyomap_12_models":{"lrr_model": {"Model components": 5, "Covariance type": "diag", "Labels": {"0": "2x", "1": "0x", "2": "1x", "3": "3x", "4": "4x"}, "means": [[-0.003036190707200001], [-2.3737940102440476], [-0.3193905237871757], [0.18173190988245616], [0.30035119008333333]], "startprob": [0.2, 0.2, 0.2, 0.2, 0.2], "covars": [[[0.01771878170676586]], [[0.5551773421464538]], [[0.040272228972578095]], [[0.015433637846897004]], [[0.015504268467442113]]], "transmat": [[0.9996, 0.0001, 0.0001, 0.0001, 0.0001], [0.0001, 0.9996, 0.0001, 0.0001, 0.0001], [0.0001, 0.0001, 0.9996, 0.0001, 0.0001], [0.0001, 0.0001, 0.0001, 0.9996, 0.0001], [0.0001, 0.0001, 0.0001, 0.0001, 0.9996]]},"baf_model": {"Model components": 3, "Covariance type": "diag", "Labels": {"0": "3x", "1": "1x", "2": "2x"}, "means": [[0.6238465837599249], [0.9809921924857888], [0.5226763513245517]], "startprob": [0.33, 0.33, 0.34], "covars": [[[0.0010557879486191777]], [[0.0010598849450062914]], [[0.000315326504048825]]], "transmat": [[0.9998, 0.0001, 0.0001], [0.0001, 0.9998, 0.0001], [0.0001, 0.0001, 0.9998]]}},"MGA_models":{"lrr_model": {"Model components": 5, "Covariance type": "diag", "Labels": {"0": "4x", "1": "2x", "2": "1x", "3": "3x", "4": "0x"}, "means": [[0.45716986344695504], [-0.0015664949721826645], [-0.5277837948319551], [0.2598403503223733], [-2.615592668271518]], "startprob": [0.2, 0.2, 0.2, 0.2, 0.2], "covars": [[[0.025196190884481454]], [[0.01294318925280723]], [[0.028699617877020318]], [[0.013159054317495]], [[0.1423459139857185]]], "transmat": [[0.9996, 0.0001, 0.0001, 0.0001, 0.0001], [0.0001, 0.9996, 0.0001, 0.0001, 0.0001], [0.0001, 0.0001, 0.9996, 0.0001, 0.0001], [0.0001, 0.0001, 0.0001, 0.9996, 0.0001], [0.0001, 0.0001, 0.0001, 0.0001, 0.9996]]}, "baf_model": {"Model components": 3, "Covariance type": "diag", "Labels": {"0": "2x", "1": "1x", "2": "3x"}, "means": [[0.5333265901251489], [0.9796877984272908], [0.6413753679469991]], "startprob": [0.33, 0.33, 0.34], "covars": [[[0.0006374324811331151]], [[0.000777220531659848]], [[0.0010174562118100486]]], "transmat": [[0.9998, 0.0001, 0.0001], [0.0001, 0.9998, 0.0001], [0.0001, 0.0001, 0.9998]]}}}